20
6.0e10 
-3.5e10 0.0e00 0.0e00  1.4e03 3.0e28 1.gif
-1.0e10 0.0e00 0.0e00  1.4e04 3.0e28 2.gif
 1.0e10 0.0e00 0.0e00 -1.4e04 3.0e28 3.gif
 3.5e10 0.0e00 0.0e00 -1.4e03 3.0e28 4.gif
 -2.5e10 -3.5e10 0.0e00  1.4e03 3.0e28 5.gif
 -4.5e10  -1.0e10 0.0e00  1.4e04 3.0e28 6.gif
5.5e10  1.0e10 0.0e00 -1.4e04 3.0e28 7.gif
 -3.1e10 3.5e10  0.0e00 -1.4e03 3.0e28 8.gif
 1.1e10  0.0e00 -2.9640e+02  1.4e03 3.0e28   1.gif
 9.9262e+01  0.0e00  2.6470e-03  1.4e03 3.0e28  2.gif
1.4959e+11  0.0e00 -2.9640e+02  1.4e03 3.0e28   3.gif
 2.2790e+11  0.0e00 -1.2772e+02  1.4e03 3.0e28  4.gif
 5.7826e+10  0.0e00 -1.9789e+03  1.4e03 3.0e28 5.gif

1.4960e+10  0.0000e+00  0.0000e+00  2.9800e+04  5.9740e+24 1.gif 
2.2790e+10  0.0000e+00  0.0000e+00  2.4100e+04  6.4190e+23 2.gif 
5.7900e+10  0.0000e+00  0.0000e+00  4.7900e+04  3.3020e+23 3.gif
0.0000e+00  0.0000e+00  0.0000e+00  0.0000e+00  1.9890e+30 4.gif
1.0820e+10  0.0000e+00  0.0000e+00  3.5000e+04  4.8690e+24 5.gif
0.0000e+00  1.0820e+10  0.0000e+00  3.5000e+04  4.8690e+24 6.gif
0.0000e+00  2.2790e+10  0.0001e+00  2.4100e+04  6.4190e+23 7.gif
